y       x1     x2     x3     x4      x5      x6 
0.1367 -0.3003 0.1266 0.4297 -0.2089 -0.4511 0.389
0.1583 -1.5469 0.2998 0.6007 1.8138 -0.3021 -0.8646
0.1799 -1.066 -0.5221 -0.3391 0.9789 0.5372 0.4039
0.1908 -1.1519 -1.2942 2.6126 1.1264 -1.8294 0.5348
0.2016 1.422 0.81 -5.4851 1.1374 0.1673 1.9767
0.2232 -0.4322 1.2237 -5.3526 0.0429 2.0101 2.4724
0.2448 -0.2962 -0.3601 -1.7506 0.3368 2.2952 -0.2244
0.2573 -1.8795 0.7761 -1.8691 1.0871 1.4822 0.4383
0.3113 -0.2031 0.1906 -3.0226 1.4288 -0.2267 1.9033
0.2706 0.0231 -0.2096 -2.226 0.5589 1.1193 0.8174
0.2834 -0.5309 0.1759 -3.9758 -0.0027 2.2398 2.1832
0.3237 -0.0738 -1.4123 1.2422 -1.0253 0.2968 1.086
0.3778 -0.8165 -0.0089 -1.6196 1.6585 0.9812 -0.0526
0.3461 -0.3686 1.3982 0.4259 -0.3567 -0.3669 -0.6061
0.3821 -1.2616 0.7118 1.9675 -0.6295 -0.3152 -0.3678
0.2963 -1.2958 -0.778 -0.001 0.7494 1.7768 -0.3019
0.3684 1.159 -1.3373 -2.0552 0.3228 1.4488 0.6528
0.3774 2.2874 -0.0418 -4.4238 1.8772 0.3642 0.1728
0.3864 0.0823 0.9112 -2.9274 1.3545 0.4265 0.3268
0.3495 -0.5366 -0.5834 3.679 -0.8908 -0.3779 -1.0947
0.3711 3.5406 -0.7321 -2.163 0.2915 -1.3566 0.7095
0.3927 -2.1386 -1.5833 4.7926 0.3098 -0.9351 -0.2621
0.4035 -0.3636 -0.7044 1.0481 0.54 -0.7704 0.4641
0.4143 -1.3898 1.9916 0.5271 -0.4074 0.073 -0.6283
0.436 -0.6797 -0.1039 2.5633 -1.4763 1.4661 -1.587
0.4576 -0.526 0.0907 2.012 -1.2061 -0.7283 0.5328
0.4567 1.3742 0.2712 -3.6105 0.3804 2.2532 -0.3696
0.4293 -0.2238 -0.0482 -1.2514 0.3367 0.676 0.7965
0.5374 -0.8881 0.0164 5.3618 -1.8611 -1.6385 -0.7448
0.5099 -0.4341 0.408 -0.2736 -0.7551 0.6499 0.6922
0.5091 0.8822 -1.1128 0.8992 0.2877 -0.4213 -0.1335
0.6172 1.6704 -2.4126 -0.1311 0.065 0.1964 1.0262
0.5623 -0.6404 -0.8168 2.151 0.3582 -0.6956 0.0644
0.5998 -1.1491 -1.6626 2.1206 1.1492 0.0722 -0.0846
0.6374 1.1116 -1.2556 1.1046 1.0144 -2.0002 0.5256
0.6382 0.4442 -0.6796 0.2877 -2.032 1.2116 1.2017
0.675 0.9523 -1.2521 1.132 0.4826 -0.4636 -0.3417
0.7126 -1.3146 -0.5806 2.0773 1.1694 -1.2417 0.371
0.6781 1.3143 -0.4469 1.621 -1.2187 0.5181 -1.2667
0.7502 -1.0034 1.0073 -0.4686 1.0097 1.2603 -1.3044
0.7445 0.2285 -0.8432 1.0191 0.4269 -0.7763 0.478
0.7388 0.814 0.5127 0.6695 -0.0739 -1.1103 -0.2627
0.718 0.5486 0.2995 -0.4254 -0.423 0.9181 -0.3706
0.7332 -1.1593 -0.2761 5.3186 0.3245 -2.398 -1.2667
0.7275 1.3233 -0.0803 -1.5108 -1.3917 0.3789 1.8389
0.7219 -1.7374 -1.1979 3.518 -1.4878 0.7568 0.6719
0.775 -0.9005 1.0353 1.1121 1.1706 0.1457 -1.92
0.7967 -0.8292 -0.6838 4.6854 -2.1845 -0.2519 -0.1492
0.8183 -0.7633 0.0607 1.5543 0.7623 -1.0272 0.0454
0.8399 0.0952 0.2773 1.5194 -0.3805 -0.7835 -0.0976
0.8615 0.54 -0.5811 -0.1444 -0.0499 1.342 -0.4543
0.8832 -0.9158 -0.6372 1.7138 0.0484 -0.0908 0.4996
0.8548 0.4095 -0.1706 -0.0203 0.6442 0.1749 -0.2997
0.9346 0.565 -2.0414 1.9952 0.6219 -0.3168 0.0065
1.2006 -0.3872 0.1882 1.4888 1.6402 -1.1975 -0.6485
1.2222 0.4833 0.3502 -0.3539 1.0416 -0.655 0.2185
1.2439 0.3892 -0.6679 2.9982 -0.276 -1.7683 0.391
1.2655 -0.9466 -0.5109 5.787 -1.7873 -0.36 -1.1604
1.2871 0.6868 -0.5951 1.8088 0.4423 -1.0079 -0.2466
1.3087 -1.274 -0.7956 1.249 1.6459 -1.1103 1.3431
1.2671 -1.8014 -1.0511 0.9913 1.1602 0.2028 1.6029
1.3752 -0.92 0.1854 1.8541 -0.8679 -0.7166 1.5464
1.3336 0.5947 -1.2702 3.4968 -0.3735 -0.5297 -0.7054
1.4417 -0.1833 0.3258 1.357 -0.1136 1.0275 -1.2198
1.3559 -0.5155 -1.5569 4.3812 -0.4279 0.0325 -0.71
1.446 -0.614 -0.4931 0.2144 0.9716 0.1983 0.9298
1.3782 0.1147 1.2187 0.5494 0.4143 -0.6652 -0.4074
1.3782 -0.4563 -2.7304 3.599 1.7315 -0.7376 -0.1478
1.4022 0.0329 0.4893 2.5823 -1.0646 -0.4103 -0.427
1.4263 -0.2522 1.2181 -0.8946 -0.3074 0.5235 0.9078
1.4503 -0.699 0.1695 0.9918 1.5267 -0.5329 -0.2243
1.4314 0.3155 -0.1341 2.1934 -0.0752 -0.2237 -0.7911
1.4554 -0.0359 -0.8482 2.7877 -0.2108 -0.3381 -0.0799
1.4795 0.795 1.1223 -3.3837 -0.24 2.2982 0.6812
1.5035 0.5037 1.1426 -2.652 -0.0352 1.9037 0.4095
1.5035 -1.0363 1.4908 -0.9776 1.9073 -0.7911 0.6767
1.4357 0.0501 -0.062 2.4871 0.325 -0.5933 -0.9072
1.5258 -0.2268 -0.3809 4.0841 0.1453 -0.2094 -2.1112
1.44 -0.6223 1.0386 2.839 -1.356 0.2 -0.8366
1.5481 -1.0013 -0.0116 3.8718 0.2143 -1.0288 -0.7566
1.4932 0.3661 0.8691 -0.2526 1.4948 0.4918 -1.5783
1.6013 0.4072 -0.9212 2.9843 -1.1581 -0.362 0.3947
1.5464 -0.1336 1.9583 -2.078 1.811 -0.5969 0.4575
1.6545 -1.334 0.4965 2.6067 -0.3035 -0.556 0.457
1.5687 0.0561 0.0391 0.9619 -0.5617 0.6753 0.238
1.6588 -0.188 -1.0669 2.726 1.5645 -1.8485 0.2603
1.591 2.173 0.8904 -3.0222 0.3135 0.0993 1.0165
1.591 -1.4531 -0.8842 3.3388 0.3006 0.5377 -0.4242
1.615 -0.9738 -1.3671 1.4032 1.2928 0.9209 0.1653
1.639 -2.4288 0.9616 0.9107 -0.8922 2.3037 0.5012
1.6631 -0.527 -0.2323 0.9764 0.3704 0.207 0.6303
1.6442 -1.243 0.0908 2.5831 -0.0498 0.4789 -0.3993
1.6682 0.0791 -0.6491 3.0308 -1.1744 0.214 -0.0288
1.6922 -1.3795 1.4264 0.3139 -0.2304 1.4525 -0.1387
1.7163 0.7445 -0.689 1.5998 0.3911 -0.914 0.3775
1.7163 -1.6314 -2.0704 2.1918 0.0193 0.9577 1.984
1.6485 -0.6333 0.4845 2.1973 -1.0217 0.8099 -0.3692
1.7386 1.0377 -0.3969 0.975 1.1473 -1.6485 0.4255
1.6528 -0.357 0.2311 2.7848 -0.6161 0.0331 -0.5793
1.7609 -0.2553 0.5753 0.8904 0.1749 -0.2754 0.3936
1.706 1.4416 -1.0341 1.5007 0.2915 -0.1411 -0.4485
1.8141 0.4172 -0.603 2.0893 -0.3789 0.4633 -0.4138
1.7592 0.6495 0.4138 1.6175 0.651 -1.5115 -0.1782
1.8673 -0.1032 -0.2255 3.6147 -1.0683 -0.8179 0.1986
1.7815 3.2365 0.4404 -1.6881 1.1865 -0.228 -1.2221
1.8716 -0.5271 0.6558 2.9737 1.2831 -1.8278 -0.9125
1.8038 0.6342 -0.9566 -0.3745 0.0663 1.3652 0.9241
1.8038 0.4721 -1.4685 2.7607 0.0923 -1.0336 0.8373
1.8278 0.8053 -0.5561 2.2654 -1.2541 1.2222 -0.8333
1.8518 -0.1523 0.4063 3.2004 0.1037 -1.0895 -0.8216
1.8758 -1.7621 0.2829 2.3805 0.293 0.4877 -0.0705
1.839 0.1927 1.9128 -0.4332 -0.6105 0.8039 -0.1854
1.9471 0.0561 1.8477 1.4713 -0.9022 -0.3522 -0.4454
1.8836 0.0665 -0.1407 1.9656 -0.8884 -0.2255 0.9281
1.9282 -1.8172 0.5063 1.8646 0.742 0.1995 0.2257
1.9187 -0.6751 -1.3485 5.8883 -1.1103 -1.2212 0.2192
1.9728 -0.0315 -0.3647 1.8491 -0.6762 -0.864 1.8429
2.0269 0.7286 2.0529 0.017 -0.0372 -0.3549 -0.6227
2.0174 -0.6541 0.7594 1.997 0.6291 0.1804 -1.1079
2.062 0.7323 -0.8525 1.7116 0.9768 0.1815 -0.8755
1.9985 -0.9522 1.3595 2.5844 -0.5281 -0.1382 -0.5021
2.1066 -0.1009 -0.8643 4.5785 -0.0922 -0.5875 -1.0669
2.1598 -0.0351 -0.2003 0.7274 -0.2048 1.0444 0.5717
2.1727 -0.5044 1.3158 0.3187 -0.3939 -0.3533 1.5313
2.1315 0.2079 1.5892 -1.2252 -0.0534 1.3887 0.0752
2.1586 1.3219 0.8696 0.717 0.0924 -1.068 0.0808
2.1856 -0.6133 0.8484 4.7433 -1.0962 -0.98 -0.942
2.2525 -0.5716 -0.8226 3.9738 -0.7961 -0.049 0.2734
2.3194 -1.0742 -0.1181 2.4668 -0.3303 1.8686 -0.7655
2.4258 1.541 -0.7898 -0.0583 0.3829 0.9684 0.1742
2.4122 0.8862 0.5283 0.502 -0.7219 -0.1574 1.1408
2.3986 -1.7496 -0.1648 5.3264 0.8172 -1.4798 -0.5771
2.385 -1.4291 -0.1162 3.7972 -0.0798 -0.0102 0.0036
2.3443 0.6214 0.817 1.2633 -0.0253 -0.2087 -0.2559
2.3488 -0.6226 1.5686 1.726 -1.6908 0.3684 0.7957
2.3533 1.6554 0.0261 2.6866 -1.787 -1.2615 0.8816
2.3713 0.4178 -2.1967 3.1931 0.619 0.6321 -0.4265
2.3576 1.4523 0.3351 -1.6916 1.5355 -0.3609 0.9932
2.3666 -0.5023 -0.3526 1.8878 1.9708 0.1502 -0.9065
2.3846 0.0573 -1.7627 3.0078 -1.226 1.2855 0.8396
2.4657 -1.1867 -1.9131 4.0415 0.0493 0.4893 0.7188
2.3709 0.2454 1.1968 2.8965 -1.2329 0.6611 -1.5505
2.3754 0.4497 -0.4509 0.5195 0.5506 0.4346 0.7422
2.3799 -0.1459 -1.9025 7.2042 -0.9883 -1.5839 -0.359
2.3979 -0.24 -0.2071 4.8079 0.487 -1.6466 -0.9602
2.4249 1.644 0.717 -1.3148 -0.0336 0.7999 0.4493
2.4518 0.1416 0.8557 1.5163 -0.0591 -0.6698 0.4514
2.4787 -1.678 1.2148 5.0761 -1.3503 -1.2233 0.1436
2.5056 -0.1053 0.8838 0.0737 0.7642 0.9856 -0.339
2.6103 0.0887 -1.1051 1.9645 -0.393 1.1884 0.7217
2.7184 0.0959 0.0614 1.0543 1.4712 -0.1612 -0.0266
2.6326 -2.3569 0.6974 4.0527 -0.4709 0.5481 -0.0503
2.7227 -0.4417 0.8381 1.3235 -0.0965 0.656 0.1846
2.6549 1.0895 -0.2712 2.3935 0.5529 -1.5123 0.275
2.6549 1.8908 0.3818 -2.5152 1.9515 2.2814 -1.4163
2.6789 -0.4387 0.6913 -0.434 -0.0323 1.1704 1.5133
2.7029 1.3648 -0.7923 1.5062 0.8487 0.9856 -1.3612
2.727 0.0546 0.6287 1.4259 1.5016 -0.8523 -0.239
-0.3155 -0.1766 0.3166 -2.9895 1.2487 0.4483 0.5249
-0.2914 -0.0499 0.7403 -2.5987 -0.8942 1.5232 0.6143
-0.2674 0.6924 -1.3163 -1.3576 0.8852 -0.1378 0.6284
-0.2434 0.4387 0.0503 -3.0236 0.9515 0.1126 0.8502
-0.2434 0.5027 -0.8442 3.2468 -0.8374 -2.4857 -0.2176
-0.3112 2.1124 -0.9544 -2.8178 0.1531 1.3449 -0.4091
-0.2211 0.0444 -0.0147 -1.8673 0.3835 1.5462 -0.7064
-0.3069 -0.2645 1.2364 -0.1734 0.4244 0.328 -2.1554
-0.1988 0.9787 -0.9137 -0.9432 0.0898 -0.558 0.7565
-0.0126 -0.6629 0.9093 -1.3374 0.5769 -1.3014 1.3698
0.0003 -0.5714 0.4578 0.2516 0.4941 -0.4398 -0.5818
-0.0409 1.2376 -0.1515 0.459 0.8243 -1.6199 -1.048
-0.0139 -1.0015 -0.0281 2.7268 -1.594 -0.3726 -0.1247
0.0132 0.4801 0.0071 -1.7719 0.7571 -0.4328 0.6318
0.0801 0.2151 0.0258 1.6819 0.3673 -1.5042 -1.0748
0.147 0.1657 -0.1893 1.4995 -1.1939 0.3815 -0.9401
0.1101 2.4499 0.0137 -1.644 -1.2057 0.2387 -0.036
0.1341 -0.5273 -1.1292 0.1917 0.2769 0.3352 0.6348
0.1582 0.3994 -0.8642 0.0031 0.519 -0.1123 -0.1358
0.1822 -0.4914 0.2714 2.9922 -0.3994 -2.7612 0.155
0.1822 -0.5656 0.3505 0.189 0.1744 -0.2129 -0.1598
0.1144 -0.0603 -0.4245 0.0766 0.2483 0.3294 -0.3625
0.2045 0.1444 1.6695 -0.0755 0.318 -2.0694 -0.1883
0.1187 1.9724 0.7887 -3.9826 0.5346 0.5106 0.0334
0.2268 -1.4672 -0.907 3.6576 -0.7768 -0.6012 -0.1303
0.1719 -0.0333 -1.2222 0.5427 -0.5259 0.7117 0.3876
0.28 0.8287 2.046 -3.3891 -0.3309 0.075 0.6299
0.2251 -0.0061 0.2577 0.4161 -0.2193 -0.0657 -0.4665
0.3332 0.2693 0.5817 -1.4223 -0.837 -0.3293 1.6326
0.2474 -1.1189 0.4664 -0.6735 0.5709 -0.4544 1.117
0.3375 -1.1626 -1.3448 -0.0815 0.1248 1.1915 1.1822
0.2697 0.5368 1.758 -1.3867 0.1179 -0.689 -0.3871
0.2697 -0.2237 0.2546 0.0185 0.6403 0.4578 -1.1899
0.2937 -1.3142 -1.7706 3.1549 -0.1158 -1.8247 1.7855
0.3177 -0.9754 -1.4309 3.3979 0.4736 -0.3126 -1.2025
0.3418 -0.5524 -0.5225 -0.1431 -0.0478 0.2282 0.9668
0.3229 0.8562 1.3247 -0.7829 -0.1117 -0.521 -0.7543
0.3454 -0.3588 -0.1182 2.2363 0.2618 -1.4592 -0.5618
0.3679 -0.6213 0.1276 -0.3874 -0.5209 1.0516 0.3233
0.3905 0.5492 0.4338 1.6004 0.1022 -1.2288 -1.4379
0.413 -0.31 -1.7041 1.245 1.4465 0.1578 -0.8028
0.3272 2.8408 -1.0194 -1.1788 -0.5944 0.8385 -0.8141
0.3315 0.0865 -0.108 -0.4611 0.7613 0.7126 -0.945
0.3847 0.1929 -1.2529 4.433 0.2813 -2.2505 -1.2996
0.4379 0.8142 0.0356 -0.2276 0.8842 -0.1705 -1.1651
0.4602 0.7976 0.2729 -2.848 0.6749 -0.0311 1.2954
0.4825 -0.4898 -0.6104 -0.9357 -0.6886 1.1299 1.7218
0.505 -1.408 -0.8645 2.6719 -0.2702 1.1456 -1.1383
0.5275 0.3669 3.29 -4.2527 0.5706 -0.8998 1.0718
0.55 0.9865 1.6415 -3.1039 0.0624 0.0215 0.5568
0.5726 -0.5039 -0.1477 1.5261 0.375 -0.4711 -0.6197
0.7304 0.2458 -0.3332 2.0139 -1.6691 -0.5134 0.6537
0.7521 0.5149 0.4268 1.4096 -1.2361 -0.2822 -0.4198
0.7737 0.8458 -0.1957 -1.8856 -0.0694 1.4166 0.3264
0.7845 0.2416 0.7195 1.5386 -0.3903 -1.3822 -0.3077
0.7953 0.9001 -0.5854 -1.8573 0.4338 0.3686 1.1849
0.8169 -0.9486 -0.0995 1.9313 -0.0447 0.8571 -1.2838
0.8385 -0.7257 -1.106 1.7822 1.1174 0.2704 -0.8982
0.8377 0.8203 -1.6312 0.4023 1.1466 -0.3323 0.1168
0.9183 1.0615 0.4924 -1.3812 1.1515 -0.2645 -0.5147
0.8909 0.2523 -0.2954 -1.2327 -0.2761 1.3643 0.7141
0.9981 -1.1274 1.5331 -2.2148 1.0158 0.7893 0.5662
0.9612 1.2095 -0.9917 -0.17 1.4153 -1.0984 0.3247
0.9853 1.4021 0.6901 1.3396 -1.5609 -1.2557 0.019
1.0093 -0.2094 0.3758 -0.3531 0.8091 -0.5399 0.5564
1.0333 0.7715 -1.0173 1.3123 0.0814 -0.6798 0.1904
1.0333 0.1802 -0.476 0.1946 0.2976 -0.3267 0.7726
0.9655 0.8825 -1.4034 1.3901 -1.7811 0.4841 1.0665
1.0556 -0.7463 1.8287 0.3246 -0.5807 1.1554 -1.361
0.9698 0.3423 1.1753 -0.7577 -0.9004 0.9987 -0.2106
1.0779 0.4762 -0.42 -0.3596 0.3903 0.218 0.374
1.023 -0.2979 0.2136 -0.4319 0.768 1.2444 -0.7705
1.1311 0.6523 0.9672 -1.9544 1.7992 0.1503 -0.8554
1.0762 -1.3527 -1.1372 2.8579 -0.2412 1.3952 -0.7738
1.1843 -1.9618 -0.2325 0.8841 -0.0251 1.0251 1.0313
1.0985 -0.7306 -0.8913 3.0876 -1.0431 -0.3654 0.6925
1.1886 -2.388 1.6141 3.4444 -1.6185 0.1684 -0.523
1.1208 0.567 -1.8171 4.6549 0.1378 -1.116 -1.5945
1.1208 0.9872 2 -2.7534 0.8583 -0.2286 -0.0457
1.1448 -0.6391 -0.5465 1.7877 -0.4908 0.5611 0.1035
1.1689 -1.1327 -0.4195 3.7853 -1.2829 -0.9217 0.7191
1.1929 1.3718 -0.8075 -0.6356 0.0582 0.2436 0.5951
1.174 1.1515 1.1013 -2.6782 0.3637 1.7472 -0.8093
1.1965 -0.2809 -1.9599 3.1108 0.479 -0.7113 0.2239
1.2191 -0.6437 0.8068 -1.0198 1.0047 0.064 0.63
1.2416 0.0586 0.5399 -0.5926 -0.082 0.3962 0.5206
1.2641 -0.9179 -1.6594 3.0191 0.1344 -0.1963 0.4588
1.1783 0.002 -0.2451 -1.7252 1.0489 0.1314 1.6573
1.1826 0.447 -1.6995 0.472 -0.0561 0.4578 1.2639
1.2358 0.2079 2.1675 -3.3849 0.6393 0.6317 0.6628
1.289 -1.1472 -0.3192 3.6686 -0.4493 -1.1938 0.39
1.3113 -0.092 -0.9663 1.3875 0.1776 -0.1336 0.6239
1.3336 -0.0294 0.2973 -0.2931 0.5657 0.5565 -0.082
1.3561 -0.3683 0.0586 0.7966 0.723 0.0599 -0.2563
1.3786 1.0374 0.8448 -1.2764 -0.3232 -0.7626 1.4882
1.4012 -2.113 0.0281 1.987 1.6388 0.1089 -0.6544
1.4237 0.3561 -0.8583 2.6653 -1.3218 0.5545 -0.3954
1.3688 -1.7346 -1.1192 5.1055 -2.381 1.4586 -0.3364
1.3904 -0.7919 0.2047 3.5827 -0.9887 -0.3698 -0.6068
1.412 0.9806 0.0951 -0.6019 0.8724 -0.9628 0.7073
1.4336 -0.1361 1.5166 -2.0778 -0.6628 1.5206 0.8699
1.4553 -0.8536 -0.1954 0.8514 0.4703 -0.1146 0.8877
1.4769 -0.9987 -0.083 2.9165 0.7338 -1.5722 0.0564
1.4855 1.1292 -1.2705 0.8686 0.3873 -0.2344 0.2436
1.494 -0.1918 0.0146 4.3865 -0.606 -0.09 -2.3974
1.5026 -1.5907 -0.8626 0.6532 1.2134 2.5618 -0.8371
1.5112 0.7527 0.7826 -0.916 -0.8874 1.7169 -0.2848
1.5198 -1.785 0.2466 6.1562 -0.8753 -2.3694 -0.2312
1.5284 -0.9581 -0.2099 3.5027 -0.0219 1.3302 -2.4259
1.55 -1.0689 0.5296 1.9351 -0.0614 -0.9904 0.8437
1.5716 -1.8274 -0.8502 4.9215 -0.8587 0.2291 -0.4387
1.5932 -0.6242 -0.9163 1.2264 1.8024 0.8582 -1.0958
1.6148 -1.2342 1.0286 0.3818 1.9995 -1.2151 0.2595
1.6365 -0.1261 -0.7227 2.943 0.814 -0.0838 -1.5777
1.5816 1.4185 -0.4877 1.0137 -1.4537 -0.5685 1.3499
1.6032 -0.1314 -0.8977 4.8434 -2.0673 -0.8043 0.2966
1.6248 -0.4036 0.3558 3.0706 0.5216 0.2315 -2.4877
1.6464 0.9351 1.1122 -2.2446 0.422 1.5663 -0.4953
1.668 0.3758 -0.6842 3.417 0.0006 -0.5425 -1.2724
1.6897 -0.5121 -0.2068 4.8818 -1.5102 0.0156 -1.4205
1.6481 -0.2242 -1.4963 2.7321 0.0661 -1.09 1.3489
1.7562 1.0688 0.235 -0.0071 -0.6983 1.8478 -1.0909
1.7145 -1.7491 -0.5985 2.1273 0.2876 1.4089 -0.0979
1.8227 -0.3027 -0.8503 3.1418 -0.1752 -0.4823 0.0704
1.7369 0.969 -0.3339 0.7789 -0.0141 -1.0311 1.0655
1.8269 0.1526 0.2522 0.9299 -0.0378 1.3188 -1.1877
1.7592 0.8039 0.9257 -3.3796 0.5336 0.7965 1.7599
1.7592 1.3585 0.0564 -0.4736 0.2956 -0.2924 0.5176
1.7832 -1.7304 1.1718 3.1692 0.7536 -0.4442 -1.5079
1.8072 0.9156 -1.5872 3.9855 -0.188 -0.9212 -0.7408
1.8312 1.853 1.7119 -4.1297 0.0443 0.8335 1.1399
2.0071 0.0318 0.954 0.4905 -0.0051 0.533 -0.3097
2.0447 -0.4505 -0.5796 3.839 -1.5248 -0.4927 0.8852
2.0823 -1.3707 -0.4052 2.2839 1.6031 -0.1643 -0.2143
2.0831 0.522 -0.0354 1.6601 -1.4741 0.7437 0.3055
2.1199 0.1514 1.4346 -2.2626 0.5879 0.8531 0.9784
2.1574 0.4711 -1.127 1.1137 0.6658 -0.3633 1.0229
2.1229 0.4804 -1.2896 0.3504 -0.7782 2.1616 0.8518
2.195 -1.829 -1.6417 4.412 -1.0343 1.5357 0.2872
2.1894 0.8717 -0.4564 5.0135 -1.3888 -0.8665 -1.3724
2.1837 0.9531 -1.553 1.4481 0.6968 0.6984 -0.3897
2.1628 -1.3996 0.6183 0.6882 0.4577 0.6973 0.725
2.178 -1.3993 -1.0003 3.3151 0.2329 0.2223 0.4329
2.1724 1.1326 -0.6335 -0.2968 1.5282 0.7447 -0.5763
2.1667 1.2476 0.199 0.2647 -0.2585 -0.7078 1.1254
0.9166 -0.7811 -1.7622 4.0531 -1.8773 0.4913 0.2605
0.9406 -0.1296 -0.8638 1.4354 -1.384 -0.1115 1.446
0.9647 0.9494 0.3737 -0.3847 0.9123 0.6162 -1.9973
0.9887 -0.6282 1.5579 1.1613 0.1871 -1.0462 -0.8228
0.9887 0.8481 -0.7704 -2.0953 -0.2448 1.1615 1.5316
0.9209 0.3252 -0.9175 2.3502 -2.1531 0.7057 0.1011
1.011 -0.0452 -0.2536 -0.6336 1.0219 -0.4156 0.7753
0.9252 0.5854 1.5236 -1.6165 0.436 -0.8415 0.3704
1.0333 1.1765 0.0951 -2.2306 0.2656 1.5878 -0.414
0.9784 -0.9945 1.7455 -1.8688 0.7421 1.694 -0.8298
1.0234 -1.2845 1.2937 -1.4372 0.6364 -0.3397 1.5988
1.0865 0.197 -0.0425 3.0945 -1.2344 -0.9023 -0.6216
1.0633 -0.554 0.5485 0.2764 0.5623 -0.2356 -0.0601
1.0316 0.8503 -0.3835 2.4072 0.7907 -2.033 -1.0344
1.1397 0.3372 0.7226 -0.4235 -1.5587 1.0388 0.4123
1.0539 0.2617 -0.3044 -0.9687 0.8164 0.2362 0.5453
1.144 1.4824 -1.0658 1.2428 -0.5329 -0.0151 -0.51
1.0762 1.2086 0.8958 -3.2707 1.2376 -0.5847 1.1287
1.0897 0.5586 0.1964 -0.0338 -1.687 -0.0469 1.5662
1.1032 0.5533 0.3515 1.448 -0.5385 -0.2861 -0.9391
1.1303 -1.0593 -0.9309 0.0548 0.0623 1.0869 1.344
1.1393 -1.3078 -0.7503 2.1808 0.2306 -0.1988 0.4066
1.1483 -1.0739 0.4666 2.4193 -0.9693 -0.5177 0.2143
1.1859 -1.1233 -0.0442 2.639 -0.3308 -0.5241 0.0642
1.1912 0.7044 -0.6085 -0.285 1.4471 -1.0625 0.5594
1.1965 0.0649 0.3894 -0.3139 0.5073 1.1799 -1.0924
1.3242 0.7557 -1.3698 -0.8006 0.4116 0.6682 1.2062
1.3458 1.3438 -0.1319 -0.0334 -0.6108 0.7884 -0.4863
1.3674 1.1454 -2.0697 2.1857 1.156 0.0578 -1.5596
1.3782 0.7228 0.9477 -0.7943 0.105 -0.6063 0.4809
1.389 1.2459 0.4585 -0.4003 -0.2349 -0.2368 0.0347
1.4106 -0.045 -0.3245 2.3662 -1.0385 -1.0648 0.9321
1.4323 -0.138 1.2152 -0.3331 -0.0322 -0.899 1.0173
1.4314 -0.6369 0.3719 2.4713 -1.7742 0.1007 0.3204
1.404 -1.1343 -2.7696 1.463 1.0232 0.4982 1.8457
1.5121 -1.3199 0.5114 3.9099 0.1496 -0.0403 -2.2955
1.4846 2.361 -0.611 1.7019 0.1394 -1.1171 -1.4538
1.4837 0.0083 -0.9959 -0.4759 0.1252 0.7725 1.5708
1.5919 0.8251 1.9365 -0.8245 -0.4591 0.1595 -0.6286
1.6114 -2.222 1.8167 -0.7284 0.343 0.7057 1.1594
1.6167 -0.0036 1.2463 0.8998 0.1955 -0.1212 -1.0738
1.6221 0.0952 -2.3104 3.8627 -0.0244 -0.212 -0.2475
1.7497 -1.935 0.5311 1.3786 0.1285 0.0737 1.0473
1.7713 0.0408 1.4557 1.5526 -0.7832 -0.8209 -0.192
1.793 0.5756 1.457 -3.4802 0.25 2.0011 0.4728
1.8038 1.167 0.3176 1.5358 0.7199 -0.8647 -1.5569
1.8146 2.5359 -1.2397 -2.5508 1.0185 -0.043 1.6192
1.8362 -1.4025 -0.206 2.9158 -0.3702 0.4197 -0.1172
1.8578 0.9475 2.1156 -1.4603 2.0218 -1.0587 -1.2434
1.8703 -1.8723 1.0765 2.4238 0.1737 -0.0178 -0.4842
1.9243 0.0949 -0.8934 1.7772 0.7118 0.1338 -0.462
1.9368 -0.3972 1.743 -0.739 -0.0896 -0.2925 1.1524
1.9908 1.8572 -0.733 -0.2748 -0.32 0.6621 0.2506
1.9591 -1.4368 0.3991 0.0905 1.6355 0.8121 -0.0858
1.9951 -1.5309 0.7968 0.7794 -0.9174 0.3371 1.8883
1.9814 0.9032 0.4021 0.5606 0.5193 0.6822 -1.5991
1.9904 -0.0316 0.3834 2.3157 -0.5396 -1.1514 0.441
1.9994 -0.3861 -0.091 0.8043 1.0984 -0.3876 0.4028
2.037 0.0553 0.1753 2.5328 -0.232 -0.4718 -0.4999
2.0423 0.4149 0.4184 2.7415 -0.7241 -0.6914 -0.5959
2.0476 1.1823 1.7549 -1.6424 -1.6887 1.2403 0.7039
2.3881 0.824 1.8422 1.5164 -0.8731 -1.3437 -0.0636
2.4097 -2.142 -1.3366 4.993 -1.2027 -0.0496 1.5808
2.4313 -0.9341 -0.0424 2.8454 -0.5206 -0.3084 0.8368
2.4421 -0.4258 -0.4437 3.7397 0.4083 -1.2429 -0.123
2.4529 -0.0218 1.4025 -1.9225 0.9045 0.0802 1.4636
2.4746 0.7284 0.4024 3.6875 -2.154 -1.0533 0.2742
2.4962 -0.3139 -1.795 2.3875 1.3773 1.1029 -0.8147
2.4546 0.5334 -0.438 5.3006 -0.9636 -0.9466 -1.5006
2.5086 -0.0959 0.4939 -1.0894 1.2022 0.1655 1.3068
2.5627 -1.6049 0.3709 2.8513 -0.1055 0.5857 -0.1573
2.5211 -0.5366 0.0369 4.6647 -0.5084 0.0556 -1.6773
2.5751 -0.8751 -1.0333 5.2721 -0.2354 -0.8804 -0.2183
2.6292 -0.3412 1.4204 2.4427 -0.2909 -0.8366 -0.3694
2.5434 -0.7708 -0.7101 2.3946 1.838 0.1792 -0.8489
2.5794 -2.589 0.1386 4.3198 0.8705 -1.2789 0.5521
2.5974 1.455 -0.9056 2.9293 -0.3966 -0.3723 -0.6192
2.6334 1.0013 0.3326 1.679 -1.0178 0.4258 -0.3604
2.5657 -0.7885 -0.1124 1.7279 -0.0877 1.0231 0.288
2.5747 1.1148 -0.7072 2.0499 0.7313 -0.4573 -0.6169
2.5837 1.6871 -0.8266 1.9983 0.6726 -1.6857 0.2748
2.6197 -0.5158 1.0426 2.0616 0.1931 -0.0804 -0.6409
2.6287 0.3397 -1.4161 3.6307 -1.7222 0.9709 0.2517
2.6377 0.7049 0.9777 0.0119 0.1873 -0.5555 0.7503
2.6189 -1.1567 -0.7086 1.6056 0.5641 0.6304 1.1699
2.6429 0.6284 -2.094 2.6621 0.9955 -0.359 0.3313
2.6669 0.6264 -0.9574 2.4678 1.3778 -1.0857 -0.2612
2.6909 1.7185 -0.6824 1.7016 -1.824 -0.0783 1.2883
2.6909 -0.567 1.2275 2.4694 -0.3793 -0.7076 0.0537
2.6232 0.7829 -0.3278 -3.1693 2.8616 2.7503 -0.6905
2.7132 -0.762 -0.2772 3.4588 0.5008 -0.6996 -0.0893
2.6274 0.5543 -1.6463 3.2936 0.931 -1.2787 0.3317
2.7355 -1.3604 1.9849 -0.7477 0.0611 1.507 0.6596
2.6806 -0.2226 0.054 4.4466 -0.6914 -0.2563 -1.1364
2.7887 0.3901 0.4818 2.8592 0.5571 -0.9573 -1.1057
2.7338 -0.7094 -1.2577 2.8142 0.3072 0.9923 0.1066
2.8419 0.5931 0.0105 0.2665 0.921 1.14 -0.6432
2.7561 -0.4477 -0.7265 3.7636 -1.5418 -0.0942 1.2762
2.8462 1.0187 0.634 1.9231 -0.9646 1.1248 -1.4563
2.7784 0.1967 -1.0484 3.6427 1.3326 0.2661 -2.0598
2.7784 1.3421 2.0375 1.2095 0.0429 -0.8559 -1.4676
2.8025 0.2342 0.4873 2.064 -0.1699 0.2022 -0.5329
2.8265 0.8111 -0.7832 -0.7241 0.0011 0.7925 2.1917
2.8505 -0.7714 -1.3921 2.3525 1.279 -0.1174 0.9398
2.8136 0.9835 -0.862 1.9438 0.1971 -0.9999 1.0953
2.9217 0.6008 0.2744 3.5897 -0.3204 -0.701 -1.0949
2.8582 -1.2942 0.5668 2.8883 -0.1421 -1.7845 2.0809
2.9303 0.0709 0.0353 4.4431 -1.278 -0.8458 -0.083
2.9029 2.0945 -2.2862 2.0259 0.1274 -0.8736 1.3523
2.9389 -0.3228 -1.3624 3.0958 1.3216 -0.5221 0.2016
2.9475 0.12 -0.3345 3.2225 0.8271 -0.5899 -0.8056
2.9561 1.0543 1.2174 -2.9573 1.2726 0.1477 1.731
2.9921 0.3304 1.4306 3.0324 -1.2543 -1.0093 -0.1104
2.9646 0.0256 0.0543 -0.2735 -0.0299 0.7989 1.8793
3.0367 0.9511 -0.3945 1.7903 -0.7975 -0.1983 1.1185
2.9732 -0.6959 0.2642 -0.6115 0.3535 2.1219 1.0447
3.0813 1.0664 -0.6484 4.5169 -1.5671 -0.2904 -0.5786
0.0209 0.0191 -0.7275 -0.2599 0.0364 -0.5718 0.8641
0.0434 -0.5418 -1.6224 1.2134 0.142 -0.0529 0.2222
0.0659 -0.4865 -0.2311 -0.3621 0.8608 0.5873 -0.9952
0.0884 0.495 -0.773 -0.6654 0.1256 1.1247 -0.9229
0.111 0.4279 0.8665 -2.6421 -0.1522 0.1796 0.6771
0.0252 -0.0945 -0.0835 1.1185 0.4952 -0.9907 -1.0566
0.0295 1.0815 0.7637 -7.22 2.5793 -0.4999 2.7254
0.0827 0.3004 0.7134 -1.8158 0.6222 -1.8192 1.4423
0.1358 0.1763 0.6882 0.5509 -1.3061 -1.1177 0.476
0.1582 -0.5369 1.2524 2.7743 -1.2688 -2.0354 -0.7141
0.1805 0.6948 -1.1985 0.3704 -0.1988 0.5705 -0.6951
0.203 -1.0879 1.1289 0.5414 0.622 -0.327 -1.3674
0.2255 -0.5975 1.3805 -1.6846 0.6637 0.3998 -0.6476
0.248 -0.103 0.2546 2.2507 -0.6739 -2.4047 0.1806
0.2706 -0.1083 1.2356 -4.4904 2.5516 1.112 -0.7426
0.2337 -0.6447 -2.6696 1.7714 0.7622 -0.1739 0.5405
0.2877 0.8282 1.3616 -2.0952 -1.3985 0.9047 -0.0427
0.2967 -0.4481 0.7874 -0.2122 0.2188 -1.1834 0.3975
0.3057 0.1468 -0.4739 1.7177 0.2614 -0.5815 -1.4765
0.2379 0.5125 0.1387 -1.6879 1.1613 -0.2623 -0.2446
0.292 -0.1474 -1.25 2.4617 -0.9177 0.7051 -1.2674
0.328 0.8686 -0.9013 1.2973 -0.7153 0.48 -1.4215
0.2422 -0.3736 1.0258 -0.7025 0.0064 -0.0671 -0.3014
0.2963 0.0766 -0.1859 -0.5623 1.3266 -0.5074 -0.5189
0.3503 0.4543 0.9367 -1.1547 0.7091 -0.8644 -0.4623
0.2954 -0.2401 -1.0548 1.7079 -1.0571 0.7692 -0.4855
0.3495 -1.1643 -0.6992 1.9401 -0.7089 0.6565 -0.4007
0.4035 0.6292 0.2345 -0.1588 -0.1625 -0.0562 -0.8188
0.3486 0.1861 -0.419 -0.0212 -0.4372 -0.2838 0.6757
0.4027 1.8921 2.0363 -1.9843 -0.743 -1.6676 0.1857
0.4567 -0.0051 -0.4189 1.2796 0.4207 -0.0835 -1.4671
0.3709 1.1718 -1.3753 -0.6837 -0.354 -0.7241 1.7004
0.407 0.2959 -0.4207 -0.6098 1.1723 -0.8462 0.1557
0.461 0.6698 0.1082 0.4833 0.6401 -1.0718 -1.0785
0.3932 0.3072 -0.435 4.2295 -2.1062 -1.6236 -0.661
0.4023 -0.8092 0.3377 -0.3082 0.2722 0.9929 -0.7623
0.4113 -0.1495 0.7602 -0.2963 -0.192 -0.7815 0.378
0.4653 0.8946 1.1135 -3.1245 0.1833 0.2156 0.4614
0.4284 2.0392 -0.1187 -2.3702 -0.458 0.3399 0.3864
0.45 -0.2705 0.6109 0.4644 -0.8077 -0.7125 0.4747
0.4717 0.7806 -1.7071 2.1422 -0.4276 0.4567 -1.4295
0.4825 -0.1854 2.6256 -1.1265 -0.5322 -1.1016 0.0759
0.4933 -0.0865 -1.5373 0.6466 -0.7588 2.2821 -0.7608
0.5149 2.4615 -0.2425 -4.6734 0.5602 0.1419 1.5894
0.5365 1.816 -0.6569 -0.3847 0.0113 -1.5446 0.5834
0.5357 0.8847 -1.4613 2.4018 -1.2802 0.0812 -0.7759
0.5082 0.7948 -1.4503 0.6303 0.9575 0.5946 -1.6086
0.6163 0.1902 0.1801 -2.3043 0.203 1.7707 -0.1676
0.5889 -0.4055 -0.0189 0.9079 0.1399 0.2402 -0.9711
0.588 0.0757 0.6986 -1.9353 0.053 1.9734 -0.9168
0.6961 1.6125 -1.0737 -0.6502 -0.3006 0.6677 -0.2735
0.6412 0.6117 -1.8709 1.0618 0.8666 -0.9673 0.3336
0.6628 0.4051 -0.7421 0.0316 -0.4412 1.2649 -0.5113
0.6844 1.3393 0.8287 -2.0526 0.1957 0.4246 -0.7069
0.6953 0.3189 1.7659 -1.9626 -1.2587 -0.0376 1.1384
0.7061 -0.4047 0.7166 -2.5745 0.8463 0.1239 1.2829
0.7277 -0.6512 -0.5084 1.3263 -0.3484 0.6708 -0.5041
0.7493 -0.9672 -0.8453 2.9416 -0.0987 -0.0363 -1.0055
0.7484 -0.1331 1.2132 -2.5198 0.0636 2.2185 -0.796
0.8291 -3.4877 -1.0344 4.452 -0.3675 0.0088 0.4311
0.8016 0.4044 -1.1708 0.0563 0.8434 -0.2075 0.2074
0.9089 -2.0836 0.4931 2.4088 -0.2218 0.3409 -0.8248
0.872 2.1887 1.7449 -3.1609 1.1051 -0.3011 -1.3038
0.8945 0.4556 0.9746 0.0612 -0.0401 -1.4759 0.2367
0.917 1.25 0.3747 -0.5177 -0.0931 -1.3119 0.5276
0.9396 2.4342 -0.3778 -1.6763 -0.3312 0.1768 0.0323
0.9621 0.4184 1.2164 -2.0882 0.2957 1.1129 -0.7339
0.8763 0.6308 0.9549 -1.148 0.4767 -0.8756 0.1991
0.8806 -0.4548 0.757 1.1129 -0.7432 0.3552 -0.8113
0.9338 0.5428 -0.6807 0.9443 1.4616 -1.5535 -0.3807
0.987 -1.0876 1.3782 1.2411 -0.3053 -1.2283 0.3069
1.0093 0.4063 0.9799 -1.972 0.0627 0.224 0.6545
1.0316 -0.294 -0.28 -0.7824 1.9811 -0.7211 0.4924
1.0541 0.5863 -2.8004 5.8858 -0.6951 -1.3313 -1.248
1.0766 -0.8454 -0.7492 1.9471 -0.8774 0.8297 0.0369
1.0992 -0.5669 -1.5483 0.8085 0.455 0.5008 0.7215
1.1217 0.9726 1.0138 -0.7562 -0.1802 0.0213 -0.6859
1.0668 0.3646 -1.1422 -0.1747 1.5001 0.1134 -0.1965
1.0884 -1.79 -0.8624 0.865 1.5739 -0.3586 0.9833
1.11 -1.3736 -2.5228 2.0303 0.4997 0.7755 1.0026
1.1316 -0.2979 2.0041 0.5037 0.1672 -0.5318 -1.4285
1.1532 1.3043 0.6029 -0.2491 -0.9075 -0.0084 -0.3089
1.1749 -0.1295 -0.4235 0.8272 1.4866 -0.7917 -0.517
1.1466 0.0486 0.5126 2.6575 -0.5217 -0.6563 -1.538
1.2263 -0.797 -0.4873 2.2482 -1.3602 0.2439 0.6934
1.354 2.0228 -1.5097 0.3881 -1.6953 -0.1124 1.6285
1.3593 2.0388 -0.2497 -1.986 1.4791 -0.688 0.1895
1.3647 0.4586 0.7471 1.6065 -0.7016 -0.9477 -0.446
0.171 -1.1757 -0.9639 4.3156 -1.1242 -1.0675 -0.6563
0.171 -0.4312 -1.0947 1.5525 -0.5176 0.2997 -0.4558
0.1926 -0.2914 -1.0111 2.7612 0.667 -1.089 -1.6527
0.2143 -1.772 1.2124 1.3288 -0.5574 -0.5638 -0.3391
0.2359 0.2108 -0.9058 0.7014 0.4057 -1.9506 0.9106
0.2575 0.2569 -0.7666 -1.4938 0.8863 0.0643 0.4359
0.2791 0.2623 0.2149 -0.373 0.3666 -1.8524 0.748
0.2086 0.4114 -1.4598 0.0915 -0.9607 0.6616 0.6297
0.2462 -0.9445 0.1554 0.9899 -0.5069 1.325 -1.6448
0.2838 -1.045 -0.8016 2.2532 -0.0832 -0.0385 -0.8884
0.3213 -1.9298 0.214 -1.8341 -0.0528 2.272 0.7068
0.3589 -0.4062 -1.2429 -0.5546 0.0279 0.9525 0.6587
0.3533 -0.5544 -0.3699 0.613 1.3296 -0.5269 -1.0147
0.3476 -0.7963 1.2318 -0.1161 -0.5286 -1.0469 0.6903
0.3419 -1.0577 0.0758 0.8124 -0.5211 -0.0325 0.1786
0.3363 -0.525 -0.1008 -2.1837 2.2435 -0.0559 0.1526
0.3306 1.205 1.3841 -1.9483 -0.4856 0.146 -0.7678
0.3306 0.0811 -0.0312 -1.0588 -1.3247 1.0305 0.7967
0.3522 -0.2042 0.6816 0.3911 0.1476 -0.6095 -0.8865
0.3739 -0.1059 -0.9576 -2.0145 0.8642 -0.0922 1.832
0.3955 1.769 0.6987 -4.0981 -0.5887 1.0689 0.6877
0.4171 -0.0206 1.189 0.3663 -0.7412 0.5288 -1.8106
0.4387 -1.2113 -0.3238 1.242 -1.0447 1.8099 -0.9869
0.3838 0.1264 -0.9739 -0.6827 -0.5529 0.8102 0.8395
0.4054 -0.1239 -0.5308 0.3477 -0.7285 0.1816 0.4126
0.427 -1.3538 0.1825 1.5498 0.6157 -0.4124 -1.0206
0.4379 0.1378 0.6541 -1.1107 -0.1254 0.4069 -0.3906
0.4487 0.5192 1.6795 -1.5232 -1.5733 0.8734 -0.4263
0.4703 -0.6783 -0.6054 -0.3346 0.1881 1.0117 -0.0158
0.4919 -0.581 -0.4725 -2.3817 1.4331 0.1949 1.3858
0.5044 0.6823 0.1917 -1.4964 0.2464 0.2735 -0.2392
0.5584 1.3221 0.28 -3.7786 1.6895 0.1529 0.028
0.5177 0.3701 -1.0878 4.8266 -1.0259 -1.5067 -1.9124
0.5305 0.1079 -2.3423 2.0195 0.6877 -0.937 0.1848
0.5708 0.1063 0.2053 0.144 -0.7438 -0.9093 0.886
0.6249 1.173 -0.0293 -2.4897 -0.5328 0.7368 0.8576
0.5932 -2.1674 -1.6418 3.8424 0.3012 0.792 -1.4273
0.6292 0.6348 1.6386 -0.2019 0.2181 -1.0091 -1.5439
0.5434 0.318 0.1364 -1.9217 0.5385 0.4329 0.2415
0.6155 -1.0172 0.0359 0.3419 -0.7536 0.8976 0.1919
0.6245 0.6813 -0.4418 3.3794 -1.9638 -1.1394 -0.7936
0.6335 0.7496 0.0869 -1.8827 -0.112 0.6796 0.2226
0.6146 1.0339 0.547 -3.4787 1.1853 0.3464 0.1885
0.6386 0.6686 -1.0758 2.7083 -0.1372 0.4754 -2.8159
0.6627 0.9807 1.7255 -3.3188 0.5727 -0.9712 0.8106
0.6867 -1.5491 -0.8265 4.1938 0.6084 -0.459 -2.1836
0.6867 0.3582 0.5205 0.6045 -1.1421 -0.4163 -0.1533
0.6189 -1.7179 0.4479 1.605 0.3038 -0.5654 -0.3059
0.709 -0.3467 1.3353 -0.4881 -0.1715 -0.9543 0.4029
0.6232 0.6773 -0.6274 1.9957 -0.6689 -0.9017 -0.6512
0.7313 -0.2991 -0.8091 2.6377 -0.8708 -0.635 -0.2256
0.6764 0.9305 -0.8301 1.3341 -0.3753 -0.9305 -0.243
0.7845 0.0846 1.7599 -1.9458 -0.6831 -0.9488 1.5668
0.7296 -0.112 -1.4928 6.9804 -3.1006 -0.9543 -1.4376
0.8377 0.9049 -0.0586 -0.6438 -0.0399 -0.8992 0.6694
0.7519 -0.4201 -0.3588 4.0006 -0.9424 -1.4124 -0.9507
0.842 -0.4366 -0.0326 -0.9711 0.6111 0.4712 0.289
0.7742 0.9112 -0.6794 -2.8284 1.6663 1.0555 -0.1279
0.7742 -0.1755 -1.6682 4.462 -1.8857 -0.3637 -0.4458
0.7982 -0.5056 0.5992 -1.8614 0.2802 -0.6624 2.0715
0.8222 -0.2361 -0.2513 -3.0411 0.683 0.2897 2.4918
0.8463 0.7958 -1.1027 0.8628 -0.895 1.0721 -0.7744
0.8094 0.8668 0.9706 -2.1948 -0.4995 -0.0029 0.8555
0.831 0.7636 -0.0053 1.0245 0.1564 -0.1925 -1.718
0.8526 1.1653 0.233 -1.6866 -0.3226 -0.2397 0.8603
0.8742 -0.302 -0.8123 -0.1991 -0.021 0.2154 1.108
0.8959 0.41 0.2841 0.4131 -0.429 0.1006 -0.7758
0.9175 -0.8141 0.0535 2.217 0.4334 -0.7025 -1.1908
0.9261 -1.2146 -0.8425 1.0174 -0.6285 0.6616 0.9935
0.9346 1.0914 0.6434 -2.1061 -0.5685 0.8019 0.1966
0.9432 1.7536 -0.753 -2.936 0.943 1.0659 0.061
0.9518 -2.2998 -0.4901 3.5623 -0.19 -0.5478 0.0216
0.9604 0.0264 0.5868 -0.1268 -0.7116 0.1153 0.2239
0.969 0.232 0.9007 0.272 -0.1771 -1.9009 0.8218
0.9906 -0.6254 0.4343 -0.1128 -0.04 0.5387 -0.0537
1.0122 0.4227 -1.2909 -1.0468 1.2064 1.2736 -0.3679
1.0338 0.3966 -0.721 0.3768 0.0318 0.0032 0.0829
1.0554 -0.52 0.5446 1.3202 0.046 -0.0781 -1.1608
1.0771 1.0602 0.892 0.4691 -1.376 -1.0338 0.1385
1.0402 -0.6318 0.9376 -0.6791 1.303 0.5123 -1.2203
1.0642 -1.1477 0.0119 2.216 1.4001 -1.9987 -0.2688
1.0882 0.9436 -0.2007 -1.0579 0.0049 -0.8033 1.3362
1.1122 0.0148 -0.0931 0.1294 -0.1361 0.3869 -0.0921
1.1122 -1.5342 -0.3775 2.0406 1.1675 0.1329 -1.2202
1.0445 1.8 0.1344 0.1053 -1.0964 -0.9508 0.2482
1.1345 0.7596 -0.9546 0.5816 -0.709 -0.2155 0.7665
1.0487 0.6381 0.6179 -2.0555 -0.2399 0.3684 0.9072
1.1569 0.5417 0.2518 -3.34 1.9115 0.2644 0.6454
1.1019 -1.1948 -0.1601 -1.5786 0.5778 1.6313 0.9932
1.147 0.4774 -0.8272 -0.2805 1.2465 -0.562 0.2707
1.21 -0.9511 1.6372 -1.1725 1.5094 0.1097 -0.8414
1.1869 -1.6334 0.7342 2.1909 0.6252 -1.1983 -0.4135
1.1551 -0.9393 1.7872 -2.4146 -0.1541 -0.107 2.1229
1.2632 -1.349 0.8452 -0.6993 -1.2064 1.3716 1.3177
1.1774 -0.1577 -1.8719 4.7402 0.5265 -1.2537 -1.5976
1.2675 -0.6825 1.4111 1.5938 0.3796 -1.7734 -0.5842
1.1998 0.6719 0.3761 -0.1857 -1.3735 0.3408 0.525
1.2133 -0.0282 1.3398 -2.4154 0.9453 0.9517 -0.4138
1.2268 -1.4093 -0.0953 3.2623 -1.0521 -0.2732 -0.1085
1.2538 -0.2244 0.5044 -1.477 0.436 -0.2932 1.414
1.2628 1.596 1.1131 -3.141 2.2682 0.1227 -1.5139
1.2718 -1.2812 -0.0721 2.5424 -1.062 1.338 -1.1322
1.2924 0.3564 -1.6771 1.3247 -0.6972 0.5259 0.6585
1.3147 -0.5108 0.6321 1.269 -0.396 0.5752 -1.0809
1.337 -1.1486 -0.6215 3.4672 -1.4948 -0.1248 0.3904
1.6785 -0.8333 -0.7033 3.8885 0.4867 -0.3914 -1.5927
1.7326 -0.0666 -1.2515 0.0363 0.3373 1.3216 0.4796
1.7416 -1.2185 -0.8764 3.0608 -1.5368 1.8571 -0.4815
1.7506 -1.3134 -0.7203 3.595 0.242 -1.5264 0.5491
1.6828 -0.5237 -1.1091 2.7948 -0.2171 0.0369 -0.1271
1.7369 0.7418 -0.0375 0.5676 0.6964 0.0602 -1.1317
1.7729 0.3792 -0.1757 3.0342 -1.9755 -0.2469 -0.1771
1.6871 -0.4378 -0.4597 2.211 -0.542 0.3613 -0.2718
1.7411 -0.7505 0.6055 0.0425 0.8412 0.8595 -0.7241
1.7952 1.4328 -0.2055 -1.3597 -0.9647 0.0733 1.9003
1.7403 -0.2688 -0.2749 -1.6323 0.3781 0.4416 2.2708
1.7943 -1.5821 -1.2373 2.6159 -0.5921 0.7547 0.9268
1.8484 -0.5544 -0.0805 4.5016 -0.9642 -1.6498 -0.3495
1.7935 -1.3265 0.7714 1.4424 1.9284 -0.9091 -0.9191
1.8475 -0.0416 1.222 -1.0502 -0.1123 0.1318 0.8149
1.9016 -2.5796 1.4602 2.2962 1.2491 -1.2481 -0.237
1.8158 0.4845 -1.5846 2.7621 -0.5017 0.4589 -0.6092
1.8518 0.2103 -0.7913 2.4585 0.0155 -0.3086 -0.5764
1.9059 -3.3908 -0.0949 3.7342 0.258 1.322 -0.8944
1.8381 -1.8737 2.2001 -0.8051 0.1147 -0.599 1.9063
1.8471 -1.4848 0.1432 4.4841 -0.7925 -2.0173 0.6256
1.8561 -1.1372 -0.0103 4.9668 -1.854 -0.1091 -0.8977
1.9102 -0.4664 -0.219 3.2058 -2.1398 -0.3654 0.9413
1.8913 0.0108 -0.6866 3.1205 -2.6542 -0.6867 1.9035
1.9153 -0.0032 -0.0909 0.7742 0.7718 -0.413 0.0351
1.9393 -1.8586 0.5772 2.6723 -0.6976 1.0898 -0.7719
1.9634 -1.4884 -0.6555 2.4629 -0.2137 -0.621 1.5353
1.9634 0.2788 -0.4842 0.9966 1.1601 -0.6992 -0.1617
1.8956 1.0751 -1.4374 0.2542 -0.2361 1.2992 0.1452
1.9857 1.1226 1.0499 -5.2805 0.2222 2.1112 1.8555
1.8999 -0.7896 0.888 -0.0267 0.6975 0.2942 0.0131
2.008 -0.9186 0.5666 1.3234 1.0967 -1.8223 0.8319
1.9531 0.9499 1.1025 -0.0525 -0.5251 -0.763 0.4296
2.0612 1.2141 -0.7845 1.7671 -0.0857 -0.4674 -0.471
2.0063 1.177 -0.2945 -3.891 -1.0815 2.3685 2.9024
2.1144 -0.321 -0.0393 1.2002 -0.0128 -0.2592 0.6147
2.0286 -1.1904 0.1167 5.4774 -0.6844 -1.9021 -0.6428
2.1187 -0.6729 0.6501 0.1524 1.2842 0.2779 -0.4783
2.0509 0.5432 -0.3759 0.3497 0.0946 0.0038 0.6159
2.0509 0.2797 1.2408 0.2272 -0.6048 -1.1156 1.1725
2.0749 -2.1205 -0.0648 2.3694 2.0746 -1.0787 0.0314
2.0989 -0.3349 -2.0099 3.2266 1.0611 0.1767 -0.8699
2.1229 -1.398 -0.7455 3.7918 -0.031 -0.0763 -0.3436
2.0861 0.7881 -0.2212 -2.0418 1.2214 2.3801 -0.8101
2.1077 -0.0424 1.5424 1.5745 0.8772 -0.9286 -1.7337
2.1293 -1.3891 0.5246 5.8621 -0.2468 -0.9279 -2.5685
2.1509 0.5021 0.402 0.8362 0.4265 -0.5385 -0.3375
2.1725 -0.0892 1.2358 0.0899 -1.0106 1.5614 -0.5379
2.1942 1.7956 -0.2137 -1.5686 0.0791 -0.0986 1.3106
2.1885 0.3928 0.2661 1.2762 1.6072 -0.502 -1.7056
2.1828 0.114 1.2796 -0.1274 0.4562 -0.8794 0.4609
2.1772 -0.4532 -0.9161 3.461 -0.1751 -0.8906 0.2866
2.1715 -0.3755 0.676 2.3557 -0.8605 -0.4302 -0.0549
2.1658 1.6435 0.4879 0.313 0.6981 -1.4669 -0.2774
2.2034 -1.1349 0.1226 0.4136 0.1602 2.7643 -0.9732
2.241 1.6254 -0.0557 -2.013 -0.2563 1.2352 0.8726
2.2786 -0.5645 -0.607 1.1896 0.1631 1.2516 -0.0375
2.3162 0.0324 -0.0504 4.0142 -0.9973 -1.4472 -0.1495
2.3537 1.7373 -1.2046 1.2015 -2.1909 1.5486 0.3445
2.2456 -2.3191 -0.0208 3.9527 -0.6283 0.7286 -0.3376
2.2673 -0.1492 0.8143 -1.778 0.2188 0.8904 1.4214
2.2889 0.6536 -0.9331 -0.6105 0.4961 1.1905 0.659
2.3105 -0.8428 0.9049 6.1384 -2.7208 -0.7209 -1.3861
2.3321 -1.3008 -1.2575 5.394 -0.3492 -0.74 -0.3366
2.3537 0.8325 0.7362 1.2285 0.1685 -1.3567 -0.1596
2.2988 0.392 0.1533 -0.6202 -0.0479 0.408 1.1984
2.3205 -0.369 1.1044 -0.7685 1.7603 -0.536 0.3074
2.3421 0.1577 -1.8726 2.6145 0.1214 0.2547 0.2255
2.3529 0.3424 -1.4314 2.636 -0.2549 -0.1105 0.3139
2.3637 -1.6944 -0.2162 3.2851 -0.6601 0.2372 0.4853
2.3853 -1.0284 -0.9583 3.694 0.5326 -0.9454 0.1837
2.4069 -1.8395 0.3215 5.6194 -1.6828 -1.1805 0.1775
2.4061 0.4376 -1.6004 3.3986 0.1882 -0.5355 -0.3249
2.3786 0.7313 0.3512 -1.3677 -0.4849 1.2343 1.098
2.4867 -0.7411 -2.053 3.4826 0.0804 -0.5646 1.3508
2.4593 -0.7925 -0.1298 1.3122 -0.287 0.6113 0.851
2.4584 -0.3608 -0.2388 5.2496 -1.0494 -1.7178 -0.2594
2.5665 -0.0672 0.5602 1.1539 -0.323 0.3878 -0.0768
2.7244 -0.5408 1.4988 2.0053 -0.8419 1.0774 -1.3146
2.762 -0.8436 0.4539 1.1157 0.5519 1.6056 -0.962
2.7996 1.4099 -0.1367 2.3493 -0.4878 0.1789 -1.3399
2.8003 0.011 0.8851 -0.3392 0.1335 1.5273 -0.2692
2.8371 0.1207 -2.1885 7.474 -0.3848 -1.6079 -1.4348
2.8747 0.3812 0.6911 0.0635 0.4674 -0.1968 0.5755
2.8402 -1.5198 0.1919 0.126 2.4381 -0.4137 1.1682
2.9123 1.1999 0.2129 -0.5794 0.5713 -0.4043 1.0164
2.9066 -0.2831 -1.0705 2.9871 0.6765 -0.1077 -0.1824
2.901 -0.3536 -1.9364 3.4097 0.8216 -0.4832 0.5791
2.8801 0.5012 -0.8969 3.3018 -0.0485 0.3509 -1.1552
2.8953 1.1543 -0.6532 -1.0095 1.5169 -0.7819 1.853
2.8896 -0.0085 0.4893 -0.8572 0.0479 0.8773 1.492
2.884 -0.1586 -0.4503 2.8581 0.424 -0.9969 0.3979
2.9372 -0.2648 -0.836 1.7945 -0.4771 0.1192 1.7668
2.9588 0.2487 1.4581 1.2473 -0.3744 -1.4239 0.9506
2.9804 -1.2243 0.4081 5.4709 -0.3792 -0.5189 -1.6567
2.9912 1.6941 -1.9674 4.5847 -0.5392 -1.0835 -0.5229
3.002 0.0634 0.1804 1.1616 0.1826 -0.4742 1.0057
3.0237 0.9312 0.3715 0.2803 1.6254 -0.7835 -0.2552
3.0453 -0.4887 1.0368 -2.1584 0.5391 2.0502 1.1279
3.0577 -0.6224 0.06 2.7392 -0.6597 0.3415 0.3041
3.1118 1.5172 -1.2553 1.8055 0.4297 -0.1625 -0.0974
3.071 -0.4759 -0.0696 5.2612 -1.2686 -1.6473 0.37
3.0839 0.3321 0.9902 1.2792 -0.4916 0.5563 -0.4286
3.1242 -0.3166 0.0483 0.6027 0.4623 0.7559 0.6991
3.1783 1.3533 0.0922 -0.624 -0.5481 0.7254 1.2666
3.1465 -1.0958 1.5403 1.1927 -0.8818 0.257 1.2007
3.1826 -0.9706 0.4148 3.6987 0.5596 -0.2257 -1.2128
3.0968 0.338 1.3614 -0.0873 -1.5353 2.6969 -0.5163
3.1688 2.4067 -0.9439 1.4452 -0.3544 -0.2644 0.0433
3.1778 0.5219 0.6122 0.7707 1.1889 -1.07 0.2843
3.1869 -1.7181 0.6508 5.0599 0.771 -0.2749 -2.2179
3.15 -0.2335 0.1576 0.7852 1.1467 -0.4478 0.9344
3.1716 0.0952 0.464 -1.0326 1.8962 1.0354 -0.0912
3.1932 0.5579 -0.3145 3.2383 0.3136 -0.3196 -1.1134
3.204 1.136 -1.2718 3.131 0.2851 -0.425 -0.4796
3.2148 -0.5519 -0.6369 6.277 -0.9147 -1.0325 -0.8226
3.2364 -1.6862 0.06 0.3942 2.1775 -0.0275 1.4092
3.2581 -0.1132 0.1622 2.2351 0.3615 -0.7474 0.4373
3.2572 0.5864 -0.1964 2.7338 0.7738 -0.6701 -0.8064
3.2298 -0.3996 0.5202 3.6328 -0.3029 -1.1569 0.1044
3.3379 -1.7846 -0.8956 5.0072 0.0318 -0.5574 0.579
3.3104 -0.633 0.693 -0.6006 0.993 -0.3289 2.3018
3.3095 -0.041 0.6601 0.7533 1.3339 0.8185 -1.0056
3.4177 0.2036 -0.3171 1.5483 1.5376 -0.3891 -0.0555
0.3392 1.8059 -0.5502 -1.5173 -0.7969 0.4463 0.0005
0.3768 1.4544 -0.1146 -4.102 1.3422 1.049 -0.1975
0.4143 -0.3597 -2.4106 2.0564 -0.8764 -0.1657 1.1337
0.4151 -1.2146 -1.1838 5.0934 -1.3714 -0.7743 -1.1815
0.4519 -0.2989 -0.4194 -0.321 0.3281 -0.5209 0.6382
0.4895 0.3296 -0.0387 -0.5456 -0.5113 0.2994 -0.1099
0.455 0.0077 -0.6346 -1.5725 0.2336 0.5933 0.8152
0.5271 0.5335 0.8438 -1.9491 -0.0896 0.029 0.0765
0.5214 0.363 0.5353 -0.9863 -1.049 -0.4031 0.9761
0.5158 -1.1532 0.5204 0.6522 0.033 -0.1869 -0.4172
0.4949 -0.001 -1.1524 2.9713 -0.2255 -0.9499 -1.1505
0.5101 -0.4675 0.1199 0.686 0.355 -0.4822 -0.7225
0.5044 0.6383 0.668 -3.2895 1.3458 -0.7249 0.8923
0.4988 0.526 -0.0303 0.5762 -1.2366 0.4797 -0.7995
0.552 -0.2243 0.9995 0.9009 -0.7643 -0.7534 -0.6049
0.5736 1.3845 -1.588 -0.1685 -0.3711 1.0846 -0.7308
0.5952 -1.1504 0.9543 -1.8256 -0.614 0.3135 1.8419
0.6168 0.7353 0.6356 -2.2536 0.4976 -0.0289 0.0069
0.6385 -0.9273 -1.0408 1.7547 0.0963 0.0257 -0.3442
0.6601 0.5461 -0.4195 -1.9845 1.1016 0.5437 -0.1804
0.6318 -0.4703 0.5214 -0.3518 0.2414 0.4415 -0.7337
0.7116 -1.6589 -1.2196 3.349 -0.0894 0.6949 -1.3627
0.7648 -0.7977 -1.5838 2.3775 -0.8672 1.7211 -1.0786
0.7864 -1.0842 0.1642 1.9415 -0.3313 -1.379 0.4425
0.808 -1.3731 0.2642 1.8682 0.0864 0.0454 -1.1267
0.8296 0.0709 -0.2954 -2.9838 0.8452 0.8707 1.2867
0.8512 -0.6296 -0.4214 0.2302 -0.0264 0.064 0.554
0.8729 0.7218 -0.5495 -3.2489 1.6873 0.4858 0.7313
0.8445 -0.1556 -1.4646 2.3755 -0.0717 0.1756 -0.9822
0.9243 0.7184 -2.2804 2.3977 1.1266 -1.1732 -0.7895
1.1903 0.4189 0.0639 1.8142 -0.8402 -0.3931 -0.853
1.2119 -1.4282 0.0598 1.1487 0.9078 -0.0456 -0.4437
1.2336 -0.5313 0.0806 1.0997 0.7274 0.5247 -1.6783
1.2552 -0.6835 -0.3609 3.1367 -1.2108 -0.8074 0.1036
1.2768 0.6437 -1.2769 -1.4606 1.058 -0.0126 1.2896
1.2984 -0.6823 0.7341 5.0038 0.1337 -2.3707 -2.6062
1.2928 -1.3515 0.0687 3.4119 -2.5535 0.1855 0.3906
1.2871 0.295 -0.8193 -0.193 1.0484 -0.3994 0.3377
1.2814 -0.3053 -1.0614 -2.6644 -0.2058 2.2062 2.2697
1.2758 -1.133 1.5184 -3.3154 1.144 1.6547 0.3884
1.2701 -0.445 0.8984 1.2014 -0.2723 -0.3846 -0.7222
1.3077 0.6103 0.3564 1.9709 -0.4528 -1.6768 -0.495
1.3453 -0.4834 -0.158 -0.0162 -0.2062 0.2698 0.8972
1.3828 1.3314 0.7357 -4.2804 1.6621 0.3561 0.5804
1.4204 0.5102 0.3971 -0.2094 2.1181 -0.1253 -2.2769
1.458 -0.1428 0.6439 -3.2696 0.9842 1.1062 1.05
1.3499 0.8902 1.134 -2.4984 1.0571 -0.5228 0.3372
1.3715 1.0602 0.2965 -1.9892 -0.7517 0.5379 1.2153
1.3931 0.7355 -1.2943 -0.2695 0.9956 0.3563 -0.1124
1.4148 -0.3126 -0.2207 -0.6711 0.9337 0.5376 0.1129
1.4364 -0.6022 0.1571 0.3778 -0.8376 -0.5235 1.7586
1.458 -0.4463 -0.1775 0.0316 0.9129 -0.735 0.7864
1.4211 -0.5145 1.1481 0.9329 0.4723 -1.1766 -0.4458
1.4451 1.4016 0.4709 -0.8673 0.0452 -0.905 0.303
1.4692 -0.8872 0.4351 0.038 -1.2687 -0.1611 2.2091
1.4932 -0.3657 -0.0614 1.4772 -0.2182 -0.7116 0.29
1.4932 0.0279 0.0289 0.6521 0.0153 0.9233 -1.2158
1.4254 0.2743 1.1298 -0.9572 0.065 -0.427 0.3488
1.5155 0.3729 0.1947 -0.1414 0.001 0.4789 -0.4601
1.4297 -0.099 0.9966 -1.0614 0.2757 0.0441 0.2878
1.5378 0.6852 0.2773 -1.4858 -0.5857 1.5455 0.0152
1.4829 1.3442 -0.4989 -2.4742 -0.6206 1.254 1.5083
1.591 0.6004 2.0003 -4.9257 2.5222 -0.0515 0.3968
1.5361 1.5976 1.7188 -0.783 -0.3719 -0.0588 -1.5201
1.6442 -1.8888 0.4876 -0.0319 0.1209 1.4102 0.414
1.5584 0.362 -0.5465 2.9569 -0.5102 -0.1261 -1.5537
1.6485 0.0647 0.1827 3.8286 -1.7089 -1.3513 -0.4717
1.5807 0.3676 -0.9175 -2.8111 1.5046 0.8059 1.6604
1.5807 -0.3295 -0.2935 0.1121 1.7255 -0.8962 0.2867
1.6047 -0.4297 0.7748 1.7037 -0.9627 -2.3802 1.8345
1.6287 0.7534 0.2124 1.6836 -0.6439 -1.0564 -0.3604
1.6528 0.4196 -0.4395 1.0471 -0.4161 -0.2271 0.2016
1.6159 -0.1062 0.8025 4.2841 -0.7904 -0.9064 -2.6504
1.6375 -0.0006 -0.4947 -0.1807 0.1828 0.854 0.2789
1.6591 -0.2741 -0.1092 1.8294 0.1538 -0.7288 -0.2362
1.6807 0.1162 0.5075 1.9939 -1.1043 -0.0639 -0.8277
1.7024 1.1541 0.2348 -0.388 -0.6325 0.462 -0.1817
1.724 1.0423 0.6399 -4.1656 2.2197 -0.4971 1.442
1.6824 0.2145 -0.072 0.1997 0.8622 -0.4532 -0.0292
1.7905 -1.3154 -0.9281 2.39 -0.4092 0.6901 0.2443
1.7489 0.7356 0.6586 -1.528 0.4544 -1.316 1.7709
1.857 -0.5279 0.7976 0.7375 0.2569 -0.1881 -0.3172
1.7712 -1.4483 -0.3412 1.3034 0.6803 -0.2466 0.812
1.8613 -1.2927 -0.1314 1.2032 -0.0395 0.1872 0.8223
1.7935 2.2676 -1.0846 -0.0395 -0.6268 1.2667 -0.9386
1.7935 0.1454 -0.6695 0.2878 0.746 0.2552 0.0497
1.8175 -0.9431 -1.5649 1.618 0.4414 -0.1472 1.3791
1.8415 0.0216 -0.0341 1.8645 -1.0356 -0.2139 0.1744
1.8655 -0.6973 0.5133 2.719 -0.1154 -1.1172 -0.5233
1.8287 -0.1771 -1.5994 2.074 0.1049 0.6418 -0.1868
1.8503 0.6964 1.1632 -1.9293 -0.2316 0.4755 0.6724
1.8719 0.3648 -0.5977 1.0692 -1.2216 -0.9977 2.207
1.8827 -0.3681 0.2727 -2.2567 -0.396 1.5001 2.0653
1.8935 0.8556 -0.9547 0.7543 -0.4605 -0.905 1.5641
1.9151 0.1802 1.2373 -0.8589 0.3885 -0.6458 0.5456
1.9368 1.8128 1.4088 -1.3873 -1.9665 0.3664 0.6051
1.9359 -0.0196 0.6249 0.7987 -0.1318 -1.3217 0.9381
1.9084 -1.5287 -0.5822 2.5865 1.8878 -0.1219 -1.301
2.0166 1.0443 -0.7813 0.3202 0.3546 -0.064 0.0862
1.9891 1.4695 1.2566 -1.8975 -2.0017 1.7734 0.34
1.9882 -0.2862 -0.71 -1.1873 1.9282 1.6217 -0.326
2.0963 -0.5179 -0.5303 5.419 -0.1796 -2.2413 -0.9457
2.0414 0.0617 -1.8668 2.8752 0.1326 0.4497 -0.5726
2.0631 -0.8878 -1.1365 1.4647 0.6394 0.042 0.932
2.0847 0.2946 -0.0805 1.1042 1.6351 -0.8797 -0.9717
2.1063 -1.2745 -0.0565 2.4107 -1.9937 0.1367 1.7655
2.1279 0.1099 -0.0235 2.1862 -1.0835 -0.5006 0.3539
2.1495 -0.2318 -0.173 -0.9636 0.9513 2.2786 -0.784
2.1212 2.5064 -0.2686 -2.1591 0.0262 0.4611 0.6245
2.201 0.072 -1.3728 1.8571 0.0134 0.0122 0.6442
2.2722 0.0079 0.9176 -0.268 -0.6444 -0.23 1.4634
2.3263 0.4985 -1.0545 2.1497 1.5797 -0.5724 -1.275
2.3353 1.4643 -1.3418 -0.6037 0.8743 -0.5259 1.4501
2.3443 1.2578 -1.0368 1.8323 0.8811 -0.2797 -1.3245
2.2765 2.4432 0.1234 -0.1246 0.2419 -1.4019 0.0589
2.3306 -2.5604 -0.1023 4.6801 1.0415 -0.271 -1.5262
2.3666 0.0663 1.2031 0.2035 -0.3818 1.1786 -0.9897
2.2808 0.4264 -0.1111 0.2396 1.367 0.1203 -0.7049
2.3349 1.1064 0.4009 0.2569 -0.5984 0.5837 -0.4367
2.3889 1.4473 0.0268 -2.6739 0.4851 0.6273 1.4154
2.334 0.2195 -0.9791 -0.1747 1.1176 0.4538 0.7402
2.3881 0.4433 0.7771 1.0487 -0.634 -0.0705 -0.2168
2.4421 -0.6373 -0.657 2.7855 0.0921 -0.2173 -0.0206
2.3872 -0.3637 -0.9572 2.8199 -0.7442 0.5812 0.0552
2.4413 1.0705 -0.8792 0.8348 -0.305 0.6809 0.0263
2.4953 -0.5894 -0.3225 2.8575 -0.4326 0.8787 -0.9969
2.4095 -0.7217 1.838 -1.127 0.3686 0.047 0.9868
2.4455 -0.8304 -0.3676 4.3305 -0.3083 -1.875 0.4472
2.4996 -0.142 -0.7205 2.0199 0.6771 0.0665 -0.4657
2.4318 2.4797 -1.5601 0.7708 -0.1438 0.2796 -0.3323
2.4408 2.4047 -0.4591 -0.6727 -0.3963 0.8112 -0.2076
2.4498 -1.2011 2.4432 0.1457 0.9172 -0.9789 0.081
2.5039 0.3898 -2.3229 1.6529 0.9151 1.3307 -0.4917
2.6798 0.9109 -0.9843 1.1373 1.2304 -0.2327 -0.3151
2.7174 0.6522 0.3876 -1.8336 0.8176 1.2554 0.4562
2.7549 -0.0058 -0.8945 5.0175 0.6731 -1.8101 -1.2243
2.7557 0.2941 -0.649 0.9224 1.4744 0.2796 -0.5446
2.7925 2.4526 -1.6656 3.0509 -0.5573 -0.4049 -1.0699
2.8301 -1.0128 -0.7203 5.0834 -3.3443 0.0799 1.5916
2.7956 -0.7313 -0.4773 2.7759 0.3296 0.8432 -0.9627
2.8677 -2.9189 0.4741 3.5537 0.9543 -0.4508 0.1168
2.862 0.583 -0.5655 1.5598 1.6524 -0.4567 -0.9289
2.8564 0.2961 -0.3698 -1.5308 1.2202 1.6077 0.6107
2.8355 0.3754 -0.4199 2.2407 0.2109 -0.2198 -0.3531
2.8507 -0.6477 1.2159 0.9331 -0.4535 0.2498 0.4955
2.845 0.2714 -0.6325 4.0372 -0.6334 -0.4668 -0.7303
2.8394 -0.0032 1.5966 1.7897 -0.4999 -0.631 -0.4106
2.8926 -0.6795 2.166 1.3647 -0.6051 0.8675 -1.2331
2.9142 -0.2388 0.3371 2.4422 0.7708 -1.2575 -0.136
2.9358 -0.8779 -1.1141 5.4096 -1.2123 0.7694 -1.0887
2.9466 -0.1573 -2.1754 -0.7438 2.2677 0.9662 1.7896
2.9574 1.8361 1.5526 0.4069 -0.6708 -1.1138 -0.0823
2.979 0.9336 0.8126 -1.4401 1.276 -0.357 0.7166
3.0007 -0.95 0.7751 2.988 -0.3762 0.4239 -0.9749
3.0131 2.3792 1.0067 -0.4409 -0.659 -0.5799 0.3012
3.0672 0.6535 -0.5638 2.5362 -0.4225 -0.2956 0.0788
3.0264 -0.8145 1.0289 1.5496 0.8246 -1.2374 0.6256
3.0393 -0.6781 -1.078 3.8158 -0.5399 0.1709 0.3207
3.0796 -0.2863 -0.2506 1.735 2.3229 -1.3161 -0.1253
3.1337 0.1612 -0.3977 1.7565 1.842 -0.5048 -0.7713
3.1019 1.0125 0.6902 1.5908 -1.9526 0.3162 0.3804
3.1379 -0.362 -2.3543 3.5561 0.4881 -0.7158 1.4505
3.0521 -0.6373 1.0279 2.1891 -0.7746 -1.0103 1.2339
3.1242 -1.7825 -0.4471 2.5539 1.3983 0.2042 0.1314
3.1332 -0.9754 -2.0147 2.3369 -0.0503 1.2689 1.4855
3.1422 -0.1874 0.6168 3.0441 -0.6095 0.7178 -1.5199
3.1053 0.0234 -0.6832 3.8947 0.2018 -1.3617 0.0565
3.127 -0.4451 0.9884 2.5608 -0.5603 -0.321 -0.1239
3.1486 0.0698 -0.0787 1.3953 0.252 -0.0027 0.4903
3.1594 -1.3334 -0.8732 4.0501 -0.8204 0.9478 0.1148
3.1702 0.048 -0.3756 -0.4737 1.2233 0.9622 0.7574
3.1918 -0.9429 -1.9162 3.5327 1.5121 -0.0531 0.0086
3.2134 -0.7575 0.583 -0.0787 0.7329 0.5766 1.0522
3.2126 0.4334 -0.0031 2.4508 -0.4259 -0.2169 -0.0597
3.1851 -0.0862 0.1786 -2.7473 2.2706 1.3347 1.2786
3.2932 0.4576 0.0633 2.6585 0.7175 -0.2185 -1.4444
3.2658 2.6694 0.3533 -2.8312 -0.3352 1.5029 0.9114
3.2649 -0.2647 -1.868 4.804 -0.7507 0.833 -0.4744
3.373 0.3246 -0.1215 2.8275 -0.5552 -1.0798 0.8791
-0.8601 0.5797 -1.5704 1.498 -0.2855 -1.4362 0.2775
-0.8601 0.4235 1.7561 -9.1332 1.0991 2.0991 2.7989
-0.8601 0.0763 -1.7142 1.1089 0.8808 -0.9085 -0.3658
-0.86 -0.3402 -2.7531 0.7134 -0.1054 0.803 0.733
-0.8587 2.199 0.3602 -2.4301 0.2106 -0.8315 -0.4093
-0.8489 -0.1315 -1.4621 1.1557 0.0649 -0.684 0.1223
-0.7952 1.4014 0.41 -3.965 -0.3099 0.6743 0.9161
-0.5626 1.791 0.3092 -0.2869 -0.7107 -1.8378 0.1027
0.2768 -1.0364 -0.4466 0.3259 -0.3505 -0.9055 2.5535
2.9061 -1.098 -0.0986 5.4963 0.5653 -1.4531 -0.6118
0.1781 -0.0423 -0.5834 -1.8711 0.1564 1.2047 0.1867
2.8074 -0.6871 -1.5333 4.872 0.0611 -0.372 -0.6666
3.6468 -0.7962 -1.2823 -0.7554 2.0927 0.9529 2.3103
3.8794 0.7297 -1.325 2.0047 -0.0796 0.7172 0.7138
3.9331 -1.3445 -0.5002 4.8966 0.5242 -0.8426 0.0477
3.9429 0.2766 1.0337 1.1042 1.4722 0.1917 -1.239
3.9442 0.3309 -0.748 4.2844 -1.7126 0.7797 -0.1427
3.9443 -1.4545 1.8004 3.5388 0.4239 -0.2678 -1.2584
3.9443 0.3181 -0.213 4.3231 -1.8874 0.7474 -0.5006
3.9443 -0.2865 0.9929 2.1375 -1.9752 0.1303 1.7516
-0.8601 1.2968 0.985 -2.3223 -0.9821 -0.2123 0.2844
-0.8601 -0.543 -0.1673 3.684 -0.5558 -1.5369 -1.8405
-0.8601 0.4339 -0.4007 0.2544 -0.0626 -0.3023 -0.8589
-0.8601 -1.2779 -0.5692 0.9324 0.7232 -0.5372 -0.2331
-0.8601 -1.5099 0.5476 -1.8055 0.1541 0.3299 1.2896
-0.8596 -0.8469 1.5145 -0.7595 -0.2998 0.3307 -0.9181
-0.8564 0.0087 -0.422 -0.847 0.6884 0.6314 -0.9911
-0.8391 1.3196 -0.6114 0.2262 0.0005 -0.9601 -0.8896
-0.7656 -0.634 1.5986 -2.1763 0.0137 0.4824 -0.259
-0.5048 0.2458 0.5721 -5.6848 1.4521 2.719 -0.2302
3.5889 1.4287 0.2587 -0.4982 0.1312 -0.2476 1.754
3.8498 -0.9264 -1.1048 4.5315 1.5131 -0.3671 -0.8189
3.9232 0.466 0.4665 3.2331 0.218 -1.268 -0.2944
3.9406 -1.1042 0.2109 4.4765 0.4184 -0.1141 -1.089
3.9438 0.1776 -0.6134 1.5359 -0.4777 0.896 1.2803
3.9442 -0.1789 -0.1405 1.9059 1.1039 0.8597 -0.7213
3.9443 0.3439 0.086 2.1068 0.6105 0.3833 -0.7003
3.9443 0.5723 1.2192 3.9442 -1.6233 -0.1134 -1.2057
3.9443 -0.5522 -0.9411 1.0814 1.1182 0.3464 1.7571
3.9443 0.0338 0.4266 4.5403 -1.0414 0.1597 -1.3213
